1000 0.06 0.72 1.18
2000 0.1 1.34 2.4
3000 0.14 1.92 3.12
4000 0.2 2.36 4.06
5000 0.28 2.86 4.82
6000 0.28 3.42 5.88
7000 0.3 4 6.9
8000 0.34 4.46 7.92
9000 0.42 5.16 9.18
10000 0.46 5.94 10.02
11000 0.5 6.08 10.98
12000 0.5 6.76 11.78
13000 0.6 7.12 12.3
14000 0.64 7.82 13.7
15000 0.66 8.38 14.8
16000 0.66 8.86 15.46
17000 0.72 9.88 17.02
18000 0.82 10.3 18.02
19000 0.86 11.02 18.84
20000 0.84 11.3 19.76
21000 1 11.98 20.88
22000 1.02 12.36 21.54
23000 1.08 12.78 22.64
24000 1.08 13.9 24.2
25000 1.1 14.58 24.44
26000 1.14 14.46 25.26
27000 1.18 15.82 27.4
28000 1.22 16.28 28.7
29000 1.32 17.16 30.98
30000 1.42 17.86 31
31000 1.46 19.24 32.74
32000 1.52 20.56 34.4
33000 1.56 22.96 36.58
34000 1.58 22.66 37.2
35000 1.58 23.12 38.6
36000 1.66 24.28 39.8
37000 1.72 25.38 41.34
38000 1.8 25.58 42
39000 1.84 27.02 44.72
40000 1.88 26.78 44.54
41000 1.94 28.08 46.8
42000 2.06 29.12 47.58
43000 2 29.34 48.72
44000 2.08 30.4 49.36
45000 2.08 31 50.68
46000 2.16 31.48 53.3
47000 2.26 32.44 52.52
48000 2.22 33.06 53.4
49000 2.34 34.54 55.42
50000 2.32 35.34 56.2
51000 2.4 35.02 57.52
52000 2.46 36.54 59.06
53000 2.46 36.6 61.36
54000 2.48 38.12 60.5
55000 2.58 38.18 62.62
56000 2.56 38.6 62.56
57000 2.68 40.56 64.84
58000 2.72 40.78 65.44
59000 2.98 42.32 67.04
60000 2.78 41.7 66.74
61000 2.86 43.26 69.6
62000 2.9 44.48 69.06
63000 2.94 44.88 71.98
64000 2.92 45.68 72.38
65000 2.9 47.24 74.14
66000 3.06 48.14 79.88
67000 3.08 49.32 77.72
68000 3.06 50.44 79.52
69000 3.08 49.6 79.02
70000 3.14 49.94 81.84
71000 3.16 50.88 79.98
72000 3.24 50.9 83.4
73000 3.2 55.06 85.42
74000 3.24 52.4 83.88
75000 3.26 54.86 89.28
76000 3.36 54.36 87.3
77000 3.5 56.78 88.66
78000 3.44 57.14 91.84
79000 3.44 57.26 91.16
80000 3.56 57.16 95.36
81000 3.6 58.92 94.16
82000 3.62 61.12 96.28
83000 3.82 62.34 97.2
84000 3.66 61.7 97.58
85000 3.84 65.94 102.04
86000 4.94 76.74 106.64
87000 4.62 73.06 111.22
88000 4.86 71.7 109.1
89000 4.42 83.5 113.14
90000 4.82 78.56 111.4
91000 4.66 76.38 112.8
92000 4.1 71.5 118.8
93000 4.32 80.14 120.26
94000 4.76 82.28 115.92
95000 4.26 79.08 132.84
96000 5.2 74.52 128.88
97000 5.28 87.04 124.02
98000 5.24 79.1 129.7
99000 4.54 82.12 132.94